function chromosome = BestChromosome()
chromosome = [6.034714e-02 4.372313e-01 7.196307e-01 2.985537e-01 2.244264e-01 1.277805e-01 8.602904e-02 2.571323e-01 4.239943e-01 6.849549e-01 8.166756e-01 9.544818e-01 4.489004e-01 3.873202e-02 9.401002e-01 2.799571e-01 1.950645e-01 5.418602e-02 5.894147e-03 4.664491e-01 4.201264e-01 2.174055e-01 1.499626e-01 3.387486e-01 6.499188e-01 6.671370e-01 1.951382e-01 9.330089e-01 5.199492e-02 8.679601e-01 5.760623e-01 2.340257e-01 9.855888e-01 4.743561e-01 4.034288e-01 7.624023e-01 7.439738e-02 2.169849e-01 6.490779e-02 6.683080e-01 6.769744e-01 6.543418e-01 8.074401e-01 2.663265e-01 ];
end